 engine_id  rows          RSS      RMSE       MAE  RMSE_STD  RMSE_RANGE  mean_residual  max_absolute_error
        69   362 3.613188e+06 99.905870 79.773518  0.956037    0.276748     -75.654259          178.771363
        67   313 1.905037e+06 78.015248 64.582588  0.863432    0.250049     -62.604952          130.493921
        56   275 1.134979e+06 64.243268 56.136932  0.809261    0.234464     -55.337094          104.259012
        64   283 9.868856e+05 59.052757 49.908701  0.722848    0.209407     -49.199655           99.210092
        57   137 4.606622e+05 57.987046 54.843280  1.466265    0.426375      54.748338           82.838344
        65   153 4.256536e+05 52.745141 50.221463  1.194238    0.347008      50.176527           71.883999
        24   147 3.394935e+05 48.057045 45.714894  1.132506    0.329158      45.714894           69.874089
        39   128 2.941765e+05 47.940105 44.665463  1.297457    0.377481      44.485714           74.781295
        70   137 3.065230e+05 47.301101 44.646076  1.196060    0.347802      44.646076           74.622464
        58   147 3.020068e+05 45.326238 43.408452  1.068152    0.310454      43.408452           83.933009
        28   165 3.236241e+05 44.287222 42.235307  0.929808    0.270044      42.235307           62.519643
        17   276 4.551623e+05 40.609590 32.029356  0.509698    0.147671     -28.939908           77.570865
        45   158 2.426153e+05 39.185962 37.120537  0.859157    0.249592      37.109461           58.278681
         2   287 4.048998e+05 37.560625 29.975061  0.453361    0.131331     -18.987816           80.594263
        61   185 2.608382e+05 37.549115 34.994642  0.703113    0.204071      34.559578           65.422173
         5   269 3.669362e+05 36.933385 28.669046  0.475620    0.137811     -26.306317           72.874136
         7   259 3.172225e+05 34.997107 28.060677  0.468087    0.135648     -24.756461           66.656525
        20   234 2.626035e+05 33.499810 28.986542  0.495931    0.143776     -28.583749           59.914203
        74   166 1.859894e+05 33.472646 31.742907  0.698523    0.202865      31.707790           55.281919
        77   154 1.584553e+05 32.076942 30.030382  0.721559    0.209653      30.027921           58.377192
        30   194 1.769444e+05 30.200735 27.481384  0.539277    0.156480      27.310423           61.239192
         3   179 1.550968e+05 29.435738 26.697719  0.569665    0.165369      25.600096           50.719610
        27   156 1.332527e+05 29.226423 26.872523  0.649009    0.188558      26.779709           52.812330
         8   150 1.179465e+05 28.041225 25.683706  0.647599    0.188196      25.534637           55.849339
        29   163 1.279403e+05 28.016239 26.192469  0.595417    0.172940      26.144560           46.062086
        75   229 1.715070e+05 27.366748 24.152292  0.413983    0.120030     -23.913056           53.404999
        54   257 1.863647e+05 26.928692 20.947084  0.362974    0.105190     -17.554124           59.503082
        33   200 1.380437e+05 26.272013 23.374422  0.455050    0.132020      23.101156           59.952603
        46   256 1.673152e+05 25.565116 21.270009  0.345941    0.100255     -10.691301           54.605079
        36   158 1.015235e+05 25.348641 23.268903  0.555772    0.161456      23.233616           46.964409
        25   230 1.420060e+05 24.847886 20.564804  0.374245    0.108506     -19.982892           51.050451
        79   199 1.215397e+05 24.713407 22.578748  0.430205    0.124815      22.453618           49.597245
        73   213 1.294093e+05 24.648640 22.011690  0.400875    0.116267     -21.922446           51.422114
        16   209 1.250294e+05 24.458677 21.643301  0.405399    0.117590     -21.493103           46.715513
        15   207 1.093125e+05 22.979990 19.685453  0.384570    0.111553      19.183879           52.335595
        37   170 8.825743e+04 22.785112 20.449535  0.464302    0.134823      20.009768           45.734553
         1   192 9.533899e+04 22.283564 20.321845  0.402050    0.116668      19.703094           43.174494
        13   163 7.900869e+04 22.016264 20.077983  0.467902    0.135903      19.796066           41.214591
        19   158 6.706928e+04 20.603133 18.038487  0.451726    0.131230      17.904974           41.050161
        60   172 7.114253e+04 20.337634 18.276157  0.409609    0.118934      18.033646           37.355670
        43   207 8.390023e+04 20.132440 16.258802  0.336916    0.097730      15.595260           47.091478
        23   168 6.349253e+04 19.440466 17.375517  0.400863    0.116410      17.342088           42.284773
        66   202 7.471542e+04 19.232221 16.604589  0.329818    0.095683     -16.497867           38.582370
        18   195 7.017027e+04 18.969648 17.087278  0.336993    0.097782      14.864954           42.464566
        76   210 7.462041e+04 18.850339 16.214587  0.310953    0.090193     -15.833548           39.335603
        49   215 7.136255e+04 18.218639 15.320990  0.293544    0.085134     -14.345277           44.040151
        22   202 6.527052e+04 17.975578 15.443924  0.308267    0.089431     -15.279395           42.192755
        59   231 7.248056e+04 17.713516 14.184654  0.265636    0.077015       7.845178           47.923000
        12   170 5.145386e+04 17.397407 15.058643  0.354514    0.102943      14.952360           42.090746
        63   174 5.221923e+04 17.323699 15.140493  0.344897    0.100137      14.254079           38.543478
        31   234 6.888944e+04 17.158068 14.650983  0.254008    0.073640       3.225991           42.725288
        35   181 5.293568e+04 17.101529 15.165146  0.327306    0.095008      14.917148           34.693056
        44   192 5.337516e+04 16.673200 14.739118  0.300825    0.087294      14.635903           39.772609
        11   240 6.371575e+04 16.293628 13.646180  0.235180    0.068174      -4.098484           36.219330
        78   231 6.086327e+04 16.231986 12.829494  0.243419    0.070574       6.527649           45.950968
         4   189 4.939416e+04 16.166161 14.033189  0.296307    0.085990      12.489526           38.055280
        48   231 5.771378e+04 15.806429 12.969693  0.237037    0.068724      -9.444906           35.900559
        52   213 5.170269e+04 15.579976 12.972306  0.253386    0.073490     -12.055750           34.057587
        10   222 4.586770e+04 14.373979 11.141003  0.224295    0.065041       9.712404           40.225256
         9   201 3.887947e+04 13.907918 12.288565  0.239697    0.069540       9.429923           31.759314
        42   196 3.016777e+04 12.406336 10.278503  0.219272    0.063622       9.920873           34.903999
        71   208 2.620409e+04 11.224135  9.077198  0.186933    0.054223      -6.685466           33.275499
        47   214 2.638891e+04 11.104623  8.808538  0.179757    0.052134       5.346137           29.249290
        72   213 2.603542e+04 11.055858  8.768458  0.179808    0.052150       1.951236           39.268431
        26   199 2.369614e+04 10.912199  8.700061  0.189957    0.055112      -6.684153           26.949987
        55   193 2.160845e+04 10.581157  8.813181  0.189921    0.055110       5.686574           30.436102
        21   195 2.052176e+04 10.258646  7.852119  0.182243    0.052880       5.819060           30.083236
        51   213 2.038697e+04  9.783327  7.518191  0.159112    0.046148       0.193966           27.819387
        40   188 1.684371e+04  9.465422  7.952781  0.174413    0.050617      -6.785436           25.538474
        41   216 1.932637e+04  9.459067  7.944369  0.151701    0.043996      -2.558667           19.622500
        68   199 1.660197e+04  9.133837  7.411604  0.159000    0.046130      -5.759634           25.991109
        32   191 1.591094e+04  9.127067  7.299382  0.165537    0.048037      -5.198492           25.247333
        14   180 1.128860e+04  7.919246  5.999591  0.152408    0.044242       4.323549           24.470167
         6   188 1.163503e+04  7.866921  6.505635  0.144959    0.042069      -1.981360           21.969749
        62   180 1.005726e+04  7.474869  5.926568  0.143856    0.041759       1.603937           21.896739
        53   195 1.089315e+04  7.474109  6.074918  0.132776    0.038526       2.871335           24.372082
        38   194 1.039261e+04  7.319165  5.692149  0.130694    0.037923      -1.200236           22.466105
        80   185 9.308685e+03  7.093463  5.571060  0.132826    0.038551       1.297125           20.802170
        50   198 8.997285e+03  6.740982  5.373667  0.117938    0.034218      -0.701944           21.282134
        34   195 8.423393e+03  6.572434  5.343281  0.116758    0.033879       0.429059           21.557082