experiment     alpha  fold_1_RMSE  fold_2_RMSE  fold_3_RMSE  fold_4_RMSE  fold_5_RMSE
  baseline     0.001    42.282068    31.791476    29.791943    33.059283    30.872646
  baseline     0.010    42.282397    31.781652    29.785894    33.059203    30.865639
  baseline     0.100    42.291395    31.757287    29.763257    33.067622    30.838076
  baseline     1.000    42.281607    31.714799    29.724649    33.061618    30.791700
  baseline    10.000    42.200255    31.593617    29.607086    32.970290    30.645762
  baseline   100.000    42.078324    31.382343    29.469290    32.876763    30.427727
  baseline  1000.000    41.938096    31.232001    29.984835    33.262268    30.571997
  baseline 10000.000    43.829570    33.952750    33.040717    35.657908    34.046773
   history     0.001    42.064655    32.302485    27.175032    33.779175    30.764779
   history     0.010    42.064066    32.295070    27.164636    33.778302    30.763032
   history     0.100    42.053566    32.277249    27.129971    33.771460    30.755607
   history     1.000    41.910682    32.204768    27.061216    33.637258    30.689333
   history    10.000    41.054666    31.758695    26.908328    32.699438    30.282968
   history   100.000    39.514494    30.644130    26.842118    30.828872    29.528351
   history  1000.000    39.197409    30.188670    27.579394    30.852854    29.230414
   history 10000.000    39.805553    31.567392    29.714689    32.613549    31.183898