experiment      split  engine      RMSE       MAE       bias  first25_bias  last30_bias
  baseline      train       1 22.283564 20.321845  19.703094     21.044982     4.832202
  baseline      train       2 37.560625 29.975061 -18.987816    -62.967297     6.593281
  baseline      train       3 29.435738 26.697719  25.600096     35.760098    -1.707826
  baseline      train       4 16.166161 14.033189  12.489526     16.592610    -3.060343
  baseline      train       5 36.933385 28.669046 -26.306317    -57.859046     2.205214
  baseline      train       6  7.866921  6.505635  -1.981360      4.200406    -6.588251
  baseline      train       7 34.997107 28.060677 -24.756461    -52.809163     1.517467
  baseline      train       8 28.041225 25.683706  25.534637     38.665271     9.438169
  baseline      train       9 13.907918 12.288565   9.429923     12.880878    -7.209790
  baseline      train      10 14.373979 11.141003   9.712404      0.143190     4.499023
  baseline      train      11 16.293628 13.646180  -4.098484    -21.727660     2.659713
  baseline      train      12 17.397407 15.058643  14.952360     26.266214     5.090823
  baseline      train      13 22.016264 20.077983  19.796066     30.691989     5.516875
  baseline      train      14  7.919246  5.999591   4.323549     12.594951    -0.928142
  baseline      train      15 22.979990 19.685453  19.183879     13.120030     7.633794
  baseline      train      16 24.458677 21.643301 -21.493103    -20.477383    -6.891897
  baseline      train      17 40.609590 32.029356 -28.939908    -60.405832     6.436871
  baseline      train      18 18.969648 17.087278  14.864954     17.010877    -5.509624
  baseline      train      19 20.603133 18.038487  17.904974     30.883119     5.519921
  baseline      train      20 33.499810 28.986542 -28.583749    -39.212990    -2.713970
  baseline      train      21 10.258646  7.852119   5.819060     10.509138    -0.234847
  baseline      train      22 17.975578 15.443924 -15.279395    -13.357867    -4.855976
  baseline      train      23 19.440466 17.375517  17.342088     27.082417     6.825829
  baseline      train      24 48.057045 45.714894  45.714894     58.060075    21.743786
  baseline      train      25 24.847886 20.564804 -19.982892    -28.570170    -2.585894
  baseline      train      26 10.912199  8.700061  -6.684153     -6.852168    -3.764872
  baseline      train      27 29.226423 26.872523  26.779709     39.779753     8.762371
  baseline      train      28 44.287222 42.235307  42.235307     49.174923    18.447852
  baseline      train      29 28.016239 26.192469  26.144560     37.640036    11.514628
  baseline      train      30 30.200735 27.481384  27.310423     22.107775    12.711569
  baseline      train      31 17.158068 14.650983   3.225991    -14.705372     1.650536
  baseline      train      32  9.127067  7.299382  -5.198492     -0.258030    -1.999288
  baseline      train      33 26.272013 23.374422  23.101156     17.382313    11.577169
  baseline      train      34  6.572434  5.343281   0.429059      4.743176    -2.468170
  baseline      train      35 17.101529 15.165146  14.917148     21.915534     3.801096
  baseline      train      36 25.348641 23.268903  23.233616     36.957536    10.069043
  baseline      train      37 22.785112 20.449535  20.009768     32.437541     4.260396
  baseline      train      38  7.319165  5.692149  -1.200236      1.475758    -2.433005
  baseline      train      39 47.940105 44.665463  44.485714     66.431981    19.981390
  baseline      train      40  9.465422  7.952781  -6.785436     -1.100783    -3.941099
  baseline      train      41  9.459067  7.944369  -2.558667     -9.409779    -1.659797
  baseline      train      42 12.406336 10.278503   9.920873      8.322775     7.403492
  baseline      train      43 20.132440 16.258802  15.595260     10.305076     3.779787
  baseline      train      44 16.673200 14.739118  14.635903     12.662139     8.437837
  baseline      train      45 39.185962 37.120537  37.109461     44.291623    16.111960
  baseline      train      46 25.565116 21.270009 -10.691301    -39.889174     3.486120
  baseline      train      47 11.104623  8.808538   5.346137     -1.720594     4.141312
  baseline      train      48 15.806429 12.969693  -9.444906    -21.581722    -2.031784
  baseline      train      49 18.218639 15.320990 -14.345277    -16.789393    -3.301168
  baseline      train      50  6.740982  5.373667  -0.701944      4.271637    -2.718564
  baseline      train      51  9.783327  7.518191   0.193966     -2.091510    -6.171307
  baseline      train      52 15.579976 12.972306 -12.055750    -14.128896    -3.727834
  baseline      train      53  7.474109  6.074918   2.871335      8.766678    -3.168343
  baseline      train      54 26.928692 20.947084 -17.554124    -43.007074     2.663950
  baseline      train      55 10.581157  8.813181   5.686574      7.683385    -4.744042
  baseline      train      56 64.243268 56.136932 -55.337094    -82.627019     0.876455
  baseline      train      57 57.987046 54.843280  54.748338     71.890476    25.306519
  baseline      train      58 45.326238 43.408452  43.408452     55.428668    23.534655
  baseline      train      59 17.713516 14.184654   7.845178     -8.628314     5.563684
  baseline      train      60 20.337634 18.276157  18.033646     26.735400     3.519561
  baseline      train      61 37.549115 34.994642  34.559578     32.152195    12.144312
  baseline      train      62  7.474869  5.926568   1.603937      9.426868     0.893075
  baseline      train      63 17.323699 15.140493  14.254079     24.111934    -1.075321
  baseline      train      64 59.052757 49.908701 -49.199655    -80.904270     0.116019
  baseline      train      65 52.745141 50.221463  50.176527     57.651286    22.492674
  baseline      train      66 19.232221 16.604589 -16.497867    -15.458705    -3.161378
  baseline      train      67 78.015248 64.582588 -62.604952   -110.406126     5.423560
  baseline      train      68  9.133837  7.411604  -5.759634     -2.628537    -3.731216
  baseline      train      69 99.905870 79.773518 -75.654259   -153.273177     8.358915
  baseline      train      70 47.301101 44.646076  44.646076     61.359989    21.805581
  baseline      train      71 11.224135  9.077198  -6.685466     -7.990441    -2.633159
  baseline      train      72 11.055858  8.768458   1.951236     -1.924123    -2.336515
  baseline      train      73 24.648640 22.011690 -21.922446    -22.174027    -9.478218
  baseline      train      74 33.472646 31.742907  31.707790     37.216300    15.607169
  baseline      train      75 27.366748 24.152292 -23.913056    -31.264728   -10.434028
  baseline      train      76 18.850339 16.214587 -15.833548    -17.416038    -5.877567
  baseline      train      77 32.076942 30.030382  30.027921     44.528295    15.858636
  baseline      train      78 16.231986 12.829494   6.527649     -7.530678     6.577774
  baseline      train      79 24.713407 22.578748  22.453618     21.200477     7.201493
  baseline      train      80  7.093463  5.571060   1.297125      5.091890    -2.427980
  baseline validation      81 31.526631 26.524342 -25.863118    -39.508101    -2.118742
  baseline validation      82 12.404501  9.776457   6.383863      2.275530    -4.308780
  baseline validation      83 44.096292 36.960514 -19.939943    -71.158379     8.775273
  baseline validation      84 60.849475 52.896706 -52.224976    -78.836988    -1.121857
  baseline validation      85 14.551621 12.461724  11.983196     14.905305     4.550343
  baseline validation      86 57.423306 48.658318 -47.755331    -79.226679    -0.306320
  baseline validation      87 14.627289 12.953560  12.669375     19.644276     5.599146
  baseline validation      88 10.442180  8.454366  -6.442080     -8.693712    -3.793893
  baseline validation      89 14.332805 11.094203   8.213439      1.596289     2.808480
  baseline validation      90 54.496587 51.854875  51.681085     62.710592    22.401960
  baseline validation      91 36.109373 33.609477  33.603768     51.368830    17.320883
  baseline validation      92 86.882959 70.471944 -66.423062   -131.950805    17.074945
  baseline validation      93 45.657354 43.433102  43.433102     55.939274    21.206029
  baseline validation      94 52.193831 44.944139 -44.311270    -67.533433    -0.578590
  baseline validation      95 47.528053 37.656432 -32.855809    -74.501680     7.584497
  baseline validation      96 78.485116 62.415335 -58.165138   -121.835526     9.642722
  baseline validation      97 18.382553 15.685352  13.910592     12.576034    -3.458329
  baseline validation      98 43.406083 41.438100  41.438100     51.325309    20.935028
  baseline validation      99 25.394379 23.514820  22.739513     26.705427     6.163656
  baseline validation     100  8.021319  6.314129  -0.966950      0.701515    -0.177671
   history      train       1 21.508066 18.981070  16.565479     16.733087    -7.522941
   history      train       2 32.947448 26.091286 -23.223464    -50.986886   -16.265061
   history      train       3 28.488394 26.246304  19.702866     34.039632   -19.330083
   history      train       4 18.093417 15.744382  13.085738     16.197225    -7.365004
   history      train       5 35.472857 27.245665 -26.748133    -57.997542    -8.961321
   history      train       6  8.874532  7.379857   5.529401      5.473340     7.189560
   history      train       7 32.228482 24.728097 -23.988709    -56.516492    -6.361739
   history      train       8 28.903377 27.058864  27.058864     31.509728    11.823467
   history      train       9 15.303462 14.050390   9.083665     15.191733   -14.103051
   history      train      10 13.781263 11.698560   4.828879      4.246004   -19.647931
   history      train      11 13.702985 11.595378  -6.937953    -18.973022   -13.294212
   history      train      12 16.264073 14.347399  14.123568     20.675401     6.089558
   history      train      13 22.240347 19.691438  18.733956     27.324259     1.466897
   history      train      14  7.826250  6.810498   4.235704     -1.183693     7.177291
   history      train      15 18.839585 15.952591   8.186013     11.006827   -24.743760
   history      train      16 26.277649 22.856187 -16.236032    -36.840356    13.807252
   history      train      17 39.851178 31.004524 -30.338506    -56.146865    -3.313320
   history      train      18 20.643521 18.704899  15.861220     16.088177    -7.805260
   history      train      19 19.010282 17.905558  17.905558     21.882136    17.502078
   history      train      20 30.053012 24.810793 -18.262034    -48.619282    14.697225
   history      train      21 12.756343  9.822615   6.562320     14.228184    -3.679712
   history      train      22 18.335637 15.507279  -7.033665    -28.518663    16.362904
   history      train      23 22.380555 19.903520  19.788983     28.968025     3.729583
   history      train      24 42.264620 39.316741  36.401195     50.054646    -1.326199
   history      train      25 20.387956 15.703161 -12.294891    -31.434215     1.503675
   history      train      26 11.691950  8.990913  -3.624755    -15.932785     3.175045
   history      train      27 28.022378 25.715184  24.241302     28.783947     0.900406
   history      train      28 40.538799 38.023074  30.505590     44.774248   -20.634953
   history      train      29 22.177782 20.023050  17.714304     22.939015    -4.179478
   history      train      30 27.172620 25.068099  20.105275     24.244113   -15.534691
   history      train      31 13.769708 12.226102  -0.698528    -10.480844   -17.540710
   history      train      32 10.668895  8.628126  -1.149248    -16.819263     7.752924
   history      train      33 22.194506 20.258550  16.353867     16.708955   -11.649124
   history      train      34  8.861730  7.519220   5.674133     -1.010118     6.612065
   history      train      35 15.285306 13.160466  11.258357     12.944465    -5.542767
   history      train      36 19.972247 18.472804  18.323932     19.836487     7.165289
   history      train      37 19.975144 17.852682  14.668886     25.633823    -8.599763
   history      train      38  9.077051  7.159949   0.062145     -9.351348    -0.810172
   history      train      39 41.281642 37.820148  37.820148     57.294916    15.097180
   history      train      40 12.290771 10.190377  -2.504040    -17.457202    11.634537
   history      train      41  9.111180  6.955698  -1.802546    -16.066784    -5.055450
   history      train      42  9.140553  7.426591   4.717824     -0.123316    -3.554762
   history      train      43 18.632053 16.679480  11.942366     16.817429   -16.073313
   history      train      44 17.055393 14.844455  11.608587     10.545117    -8.304479
   history      train      45 37.889887 35.024758  30.612644     37.890189   -10.430442
   history      train      46 20.226267 16.667580 -12.693872    -33.533950   -12.351055
   history      train      47  9.489427  7.640308   1.219461     -0.051527   -14.648407
   history      train      48 15.695954 13.374755  -4.153342    -23.251238     8.105337
   history      train      49 16.331480 13.143284 -10.426201    -21.244007     7.887322
   history      train      50  7.851592  6.160711  -2.792936      1.284348    -5.728905
   history      train      51 11.216157  8.892718   4.791201     -6.303942     1.400564
   history      train      52 14.906884 12.616448 -11.924974    -21.184365    -5.345397
   history      train      53  6.812989  5.495274   1.258544     -2.084656    -3.838296
   history      train      54 27.212373 20.442795 -18.856644    -52.000661    -7.739771
   history      train      55 14.685557 11.687894   9.318867      3.632063     0.905494
   history      train      56 55.619583 45.941818 -35.739592    -93.225679    29.877132
   history      train      57 51.906587 46.728338  45.410380     64.363583     3.204285
   history      train      58 41.874471 38.448876  37.305576     51.184652     6.174732
   history      train      59 14.128933 11.702529  -2.271784     -7.501965   -20.802838
   history      train      60 19.043153 17.169460  14.098996     19.560239    -7.307148
   history      train      61 31.931497 29.385701  22.542582     29.160058   -20.768275
   history      train      62 11.375688  9.939882   6.088756     -7.315743    15.127044
   history      train      63 17.258710 15.415368  13.028886     13.471701    -6.735678
   history      train      64 52.905412 41.897670 -38.769889    -85.639892     5.166202
   history      train      65 47.052072 43.401385  39.170653     48.629316    -7.449625
   history      train      66 20.180521 17.681460  -7.335701    -34.257641    17.802973
   history      train      67 71.820214 56.463196 -52.211645   -109.847010    10.536996
   history      train      68  9.525431  7.965455  -0.964528    -10.072793     4.883214
   history      train      69 93.066236 71.875302 -68.134900   -149.110178     6.739480
   history      train      70 45.858291 41.234403  38.976239     60.092164    -0.377994
   history      train      71 11.502670  9.582373  -3.899659     -5.695415    -3.790025
   history      train      72  9.885981  7.998097   1.008364     -4.628597    -8.984377
   history      train      73 18.429546 15.545548 -11.620816    -21.102783     9.315111
   history      train      74 31.839964 29.218997  27.301728     29.485054    -2.147259
   history      train      75 22.431273 18.140785 -16.396830    -33.643477     1.121073
   history      train      76 16.950833 13.160531  -8.197292    -24.463957     7.254116
   history      train      77 26.298748 22.253225  21.781143     43.793510     2.354231
   history      train      78 12.902935 10.504204  -3.937992    -10.253328   -24.159718
   history      train      79 21.785747 20.176058  13.293446     23.332270   -22.542831
   history      train      80 11.735268 10.017190   7.046225      0.958412    10.629191
   history validation      81 29.186835 23.317670 -22.116904    -41.355604     2.576394
   history validation      82 14.228544 12.118339   7.144845      5.104281   -14.685249
   history validation      83 40.102956 31.901384 -25.157523    -67.672872   -10.066451
   history validation      84 54.666693 46.088570 -36.933502    -85.276959    26.621525
   history validation      85 16.638280 13.854114  13.525401     10.558833     2.948894
   history validation      86 55.209580 43.255898 -40.706388    -91.405885     7.759181
   history validation      87 14.017639 11.869288  11.189140     16.406447     0.847456
   history validation      88  9.583776  7.480944  -2.259885    -12.778800     1.398529
   history validation      89 11.963083  9.689559   0.742792      1.025534   -19.215279
   history validation      90 49.078225 45.495950  41.223430     58.362312    -5.446521
   history validation      91 28.724994 28.005677  28.005677     30.252844    21.042558
   history validation      92 80.497518 62.021925 -60.481445   -128.011750     4.025068
   history validation      93 44.963254 40.794858  37.955939     63.562199    -3.087174
   history validation      94 47.395278 39.089687 -30.373862    -68.691183    24.652975
   history validation      95 43.944532 32.978599 -32.357292    -73.190975    -4.130158
   history validation      96 75.563837 58.305334 -56.103797   -120.957740     1.022360
   history validation      97 20.503588 18.049657  15.626309     21.318035    -6.640004
   history validation      98 37.035976 34.028468  29.507978     50.262600   -10.002972
   history validation      99 24.633014 22.149283  18.327827     33.934536   -11.621018
   history validation     100  9.294918  7.751422  -2.641422     -9.042042    -7.830241