experiment      split  engine      RMSE       MAE       bias  first25_bias  last30_bias
  baseline      train       1 18.536338 16.527413  16.375828     13.329835     8.587066
  baseline      train       2 40.006252 32.336103 -24.687223    -65.362106     3.865503
  baseline      train       3 28.357246 25.323197  25.311063     29.732894     7.289434
  baseline      train       4 15.351066 12.474002  12.083703      7.308108     3.650025
  baseline      train       5 36.444853 29.748472 -29.150253    -56.825541    -0.988294
  baseline      train       6  6.391941  4.724772  -2.260990      0.117539     0.216584
  baseline      train       7 32.517330 26.606734 -21.912379    -52.119391     6.184447
  baseline      train       8 29.079308 25.928591  25.685435     35.967983     3.362147
  baseline      train       9 14.446168 13.036176  12.808807      9.877199    12.640743
  baseline      train      10 13.676030 10.798487   8.706194     -3.771377     7.206749
  baseline      train      11 15.896776 13.115009  -5.901821    -25.643740     4.560721
  baseline      train      12 15.357370 13.666622  13.144001     19.016954     5.069600
  baseline      train      13 22.892468 19.834740  19.408431     26.911374     2.950911
  baseline      train      14  9.545125  8.169131   4.766218     12.319068    -1.747445
  baseline      train      15 22.237098 18.873270  18.794837      8.351852    11.909470
  baseline      train      16 20.126815 17.778251 -16.506950    -19.589820     2.195387
  baseline      train      17 40.309518 32.388449 -31.679954    -63.531118     1.282817
  baseline      train      18 18.360676 16.341275  16.281064     13.972675     8.471657
  baseline      train      19 21.870342 19.129604  18.335131     27.836796     2.886418
  baseline      train      20 31.084387 26.692275 -24.575303    -42.217661     4.991540
  baseline      train      21  9.543147  6.782214   4.266956     -1.885658     2.993900
  baseline      train      22 16.708300 14.942332 -13.984659    -15.982197     0.833609
  baseline      train      23 18.817703 16.821447  16.321823     22.659257     5.007878
  baseline      train      24 48.425255 45.480761  45.480761     54.879717    16.719868
  baseline      train      25 27.012850 21.998199 -20.735538    -39.015544    -1.265283
  baseline      train      26  9.653425  8.188399  -6.302958    -11.417698    -1.246326
  baseline      train      27 28.627207 24.871885  24.582634     36.918955     3.994406
  baseline      train      28 45.294013 42.453248  42.453248     45.937402    13.467741
  baseline      train      29 28.300688 26.365573  26.227726     32.035071     8.626197
  baseline      train      30 29.854206 27.521257  27.521257     18.193888    16.306955
  baseline      train      31 17.493644 14.652761   2.583553    -18.302112     7.692486
  baseline      train      32  6.953054  5.392932  -2.923374     -2.828344     1.502730
  baseline      train      33 26.157447 23.605102  23.605102     12.585409    16.791867
  baseline      train      34  6.042478  4.761942   0.948735      1.519008     1.661588
  baseline      train      35 17.719339 15.649089  15.257271     18.668966     2.527110
  baseline      train      36 27.323016 24.635574  24.527762     34.066010     7.234241
  baseline      train      37 18.088012 16.478877  16.193527     20.306088     4.988210
  baseline      train      38  6.526698  5.225007  -1.368551     -4.546939    -0.484969
  baseline      train      39 50.080395 46.830528  46.830528     59.481370    17.917465
  baseline      train      40  7.930340  5.612283  -3.693381      1.235692    -2.877858
  baseline      train      41  8.321645  6.550159  -2.558508    -12.267906     1.401910
  baseline      train      42 15.250627 12.810369  12.507804      4.362754    11.920969
  baseline      train      43 18.793376 15.485247  15.109517      6.993141     8.980727
  baseline      train      44 18.317038 16.101896  16.075526     11.037866     9.016277
  baseline      train      45 40.125270 36.474427  36.430046     45.279757     9.903935
  baseline      train      46 26.285362 22.541113 -11.011865    -41.874461     8.997261
  baseline      train      47 10.947556  8.708324   5.643145     -5.040207     5.801491
  baseline      train      48 14.940518 12.548434  -7.645522    -24.108422     9.499450
  baseline      train      49 20.100668 17.527432 -14.920154    -25.018120     5.831604
  baseline      train      50  6.555848  4.892144  -0.330733     -0.397775     0.100975
  baseline      train      51  8.649719  6.951540   3.599557     -4.512659    12.135052
  baseline      train      52 16.581820 14.020065 -11.787288    -21.488420    -1.001319
  baseline      train      53  6.891130  5.436337   2.703421      4.324623     0.742066
  baseline      train      54 26.287943 20.646987 -18.938956    -44.692121     1.799063
  baseline      train      55  9.314438  7.074350   5.561325      1.411640     3.796987
  baseline      train      56 61.065016 53.079851 -52.881185    -84.032452    -3.825242
  baseline      train      57 53.325338 49.831607  49.827382     61.353779    18.851314
  baseline      train      58 45.149514 42.368296  42.368296     49.485053    16.297341
  baseline      train      59 18.103781 14.754043   7.263407    -14.198799    12.876300
  baseline      train      60 20.399335 17.969008  17.355632     21.855282     0.909891
  baseline      train      61 35.977605 33.706795  33.706795     26.998491    14.641260
  baseline      train      62  8.586648  7.504139   4.686339     10.374144     2.861661
  baseline      train      63 16.744069 14.192431  13.657581     20.388599     2.587232
  baseline      train      64 57.212080 47.689840 -47.183452    -84.912879    -0.630486
  baseline      train      65 53.171946 50.212200  50.212200     54.934022    20.161185
  baseline      train      66 14.583211 12.817550 -11.750656    -12.327446     2.545992
  baseline      train      67 75.387210 62.119528 -60.904949   -113.677200     4.231873
  baseline      train      68  8.948102  6.990598  -5.526527     -5.485299    -0.265182
  baseline      train      69 99.499613 80.760012 -79.792934   -158.370242     3.010399
  baseline      train      70 48.018423 43.637988  43.625931     58.411471    10.016089
  baseline      train      71 12.457478 10.497751  -7.194995    -16.558390     0.629587
  baseline      train      72 12.001795  9.917464  -2.302246    -15.577065     5.055664
  baseline      train      73 23.753124 21.480728 -20.502256    -25.960679     0.502826
  baseline      train      74 34.677852 32.693732  32.693732     32.584048    15.702658
  baseline      train      75 29.799290 26.097843 -25.025806    -38.428517    -0.121155
  baseline      train      76 17.970608 15.816044 -14.142776    -21.345423     1.634849
  baseline      train      77 30.382380 28.374114  28.374114     35.588199    11.387182
  baseline      train      78 16.204053 12.958715   5.152672    -12.858125     8.605988
  baseline      train      79 24.166260 21.977276  21.972967     16.915954     8.832917
  baseline      train      80  7.291793  5.833354   3.140692      4.584646     0.981184
  baseline validation      81 29.935931 24.787699 -22.151372    -43.754103     5.560694
  baseline validation      82  9.749390  8.070626   5.962642     -1.577674     7.833562
  baseline validation      83 46.678155 38.147851 -27.854578    -77.531114     7.383474
  baseline validation      84 59.026710 50.803221 -49.518603    -80.635538     4.226883
  baseline validation      85 11.679375  9.626715   9.410955      6.554896     7.680008
  baseline validation      86 55.223715 45.549930 -44.352407    -81.840747     3.121366
  baseline validation      87 15.888137 14.345184  14.300998     15.734139     7.235236
  baseline validation      88 10.689502  8.597560  -6.480345    -12.233999    -0.083458
  baseline validation      89 15.221941 12.229843   6.134697     -8.481359     8.983155
  baseline validation      90 52.249071 49.230537  49.230537     59.069648    19.262064
  baseline validation      91 42.894351 38.802483  38.797282     53.067738     8.262694
  baseline validation      92 88.151306 72.725990 -72.550837   -138.713720    -3.488897
  baseline validation      93 45.751209 43.339021  43.339021     50.780613    19.447598
  baseline validation      94 51.135145 43.273607 -42.970928    -71.596535    -2.578073
  baseline validation      95 46.764644 37.629560 -36.052509    -74.273884     2.250165
  baseline validation      96 81.883891 65.191227 -63.573442   -129.577916     4.896484
  baseline validation      97 16.494789 13.623106  12.243286      0.220077     9.020762
  baseline validation      98 45.371187 42.821044  42.821044     50.588497    17.504570
  baseline validation      99 25.911577 23.870138  23.870138     22.294595    12.178781
  baseline validation     100  9.164633  7.101240   1.929991     -4.006135     7.734665
   history      train       1 14.915719 12.383528  11.554567      4.950125     5.553787
   history      train       2 33.472367 27.034457 -25.951897    -59.767105    -0.371840
   history      train       3 24.112995 21.777502  21.632038     26.658342     4.153125
   history      train       4 16.807263 14.737782  14.410798     10.910235     4.890959
   history      train       5 34.618162 29.139742 -28.287595    -55.974641    -0.329820
   history      train       6  9.471459  7.524297   4.115058     -1.140366     4.503122
   history      train       7 30.753116 25.456727 -23.898205    -51.901682     3.398720
   history      train       8 30.446272 27.210692  26.987384     33.731167     6.028590
   history      train       9 17.933698 16.027578  15.862014     10.181164     6.623243
   history      train      10  9.447909  7.279212   3.014159     -3.907064     0.723951
   history      train      11 13.804137 11.387294  -8.346665    -19.465670     0.523043
   history      train      12 17.496221 15.509005  13.980918     16.141994     8.620811
   history      train      13 22.435091 19.754450  19.570538     23.449449     6.297398
   history      train      14 12.003453 10.067004   7.669125      8.799162     0.721770
   history      train      15 12.608066 10.559845   9.447041      2.060188     4.637078
   history      train      16 17.079572 14.336001 -10.194561    -24.684061     6.959463
   history      train      17 38.917883 30.981955 -29.660904    -66.192455     0.020157
   history      train      18 19.617174 17.452452  16.739223     -0.109898     8.094217
   history      train      19 24.058261 21.439851  21.275491     29.965504    11.973849
   history      train      20 25.952509 21.319929 -18.703938    -40.349786     5.367342
   history      train      21 11.578576  8.535341   5.930859      6.196727     4.969176
   history      train      22 15.310044 12.752406  -4.402084    -25.259248    12.127626
   history      train      23 23.933841 20.953621  20.302339     23.041681     5.739585
   history      train      24 41.102409 36.155150  36.155150     48.711236     6.164518
   history      train      25 21.951505 18.020474 -13.532271    -38.278123     3.860452
   history      train      26 10.819459  8.512037  -2.022387    -13.957219     4.824754
   history      train      27 28.991991 24.645567  24.084366     29.134506     2.961270
   history      train      28 36.339516 31.998943  31.808151     37.385723     4.409934
   history      train      29 23.335164 20.293963  19.610475     29.162739     5.813360
   history      train      30 22.021223 18.881613  18.788329     13.293116     6.456984
   history      train      31 14.077244 11.442586  -4.173821    -23.925508     3.462622
   history      train      32  8.522562  6.699193   1.697814     -6.858279     1.975006
   history      train      33 15.367422 13.377667  12.853443      8.328637     8.453952
   history      train      34  7.483326  6.237600   2.602945     -6.066477     2.717461
   history      train      35 15.162303 12.775699  10.939857     13.154178     0.624036
   history      train      36 26.413991 23.142039  22.610172     32.620183     7.718362
   history      train      37 18.221990 15.769493  15.337138     16.744217     3.692349
   history      train      38 10.547155  8.744748   1.727203    -14.591894     5.923217
   history      train      39 46.371443 41.111879  41.106316     57.295863     9.246548
   history      train      40  9.129706  7.576974   2.316332     -5.357168     5.489332
   history      train      41  8.483702  6.813158  -2.172762     -9.816335     1.450171
   history      train      42 10.576156  7.860333   5.200161     -0.349914     3.809961
   history      train      43 14.533085 11.679479  10.461893      8.349278     6.247981
   history      train      44 16.984811 14.181076  13.349893      8.668980     4.580494
   history      train      45 36.199394 32.190706  32.190706     41.190114     7.181703
   history      train      46 25.089504 20.093485 -16.865427    -45.914110     2.786066
   history      train      47  9.833616  8.052525   2.438693     -7.942928     0.795630
   history      train      48 15.184566 12.450691  -2.482157    -24.024676     5.289392
   history      train      49 17.562052 14.838934 -10.996308    -29.094545     6.724884
   history      train      50  9.598744  7.678764  -1.273969     -3.780970    -0.034881
   history      train      51 12.095349  9.328923   6.787951     -7.318675     4.833967
   history      train      52 15.910326 13.022511 -10.762177    -29.258734     0.512174
   history      train      53 11.033963  8.887315   6.241771      1.865690     1.175286
   history      train      54 28.220376 22.155156 -20.672604    -51.842553     1.245823
   history      train      55 13.260159 10.082517   7.061374     -6.527317     6.699591
   history      train      56 50.713802 41.708734 -39.679600    -86.056084     7.346014
   history      train      57 46.310334 40.209752  40.005074     54.671064     3.810628
   history      train      58 41.997630 36.844158  36.708210     51.040221     5.684139
   history      train      59 11.616162  9.587612  -1.692991    -17.876720     4.856408
   history      train      60 20.106906 17.282550  16.351779     13.368181     2.947951
   history      train      61 28.217044 24.102814  24.053084     25.577392     4.283041
   history      train      62 12.952914 10.859146   9.269144      0.600025     6.584398
   history      train      63 19.358380 15.915336  15.722977      9.237834     6.054004
   history      train      64 52.741633 44.015086 -43.254859    -86.051054     0.668703
   history      train      65 42.795176 37.606095  37.606095     45.716507     6.981896
   history      train      66 12.266553 10.324441  -4.365017    -17.704597     9.247897
   history      train      67 67.349383 55.372075 -53.731899   -108.994251     8.122876
   history      train      68  7.966326  6.245815   2.035112     -2.611214     3.914542
   history      train      69 95.378152 79.278389 -78.025771   -156.428985     5.890242
   history      train      70 44.597955 38.450113  38.004094     54.028076     3.175750
   history      train      71 11.841144  9.852324  -4.310277    -15.753437     3.515225
   history      train      72 11.312520  9.145284  -1.606114    -13.867821     2.774421
   history      train      73 16.236846 13.736935  -9.690381    -22.529770     7.708150
   history      train      74 28.684774 25.058109  24.766505     25.341530     3.131216
   history      train      75 24.641137 21.367315 -17.825467    -39.831397     4.771228
   history      train      76 15.100175 12.496987  -7.000541    -20.878350     6.757807
   history      train      77 27.319175 24.100905  23.882551     34.654629     4.607230
   history      train      78 12.143838  9.366129  -3.633637    -23.516970     1.651556
   history      train      79 16.819550 14.523492  14.356233     15.975976     3.356037
   history      train      80 12.883631 10.916496   9.774815     -1.419855    11.189329
   history validation      81 27.537791 23.346622 -20.623626    -41.508648     7.478310
   history validation      82 11.927557  9.499962   7.671723     -5.175685     5.379939
   history validation      83 44.659977 33.873011 -32.207397    -79.045273     2.616743
   history validation      84 49.736884 40.903264 -38.315850    -77.143896     7.987301
   history validation      85 14.544968 12.006900  10.853461     -1.975623     6.781530
   history validation      86 54.832034 45.231961 -43.962135    -91.777471     4.034539
   history validation      87 15.353010 12.907483  11.248910     15.697114     2.706233
   history validation      88 10.987137  8.451208  -2.771915    -18.758210     1.356078
   history validation      89 10.796306  8.339562  -1.810796     -9.467462     0.963050
   history validation      90 45.100735 40.176435  40.176435     54.194706     7.385027
   history validation      91 40.526306 36.928367  36.925520     43.560377    10.492473
   history validation      92 84.358931 70.238107 -69.251708   -138.104835     3.845392
   history validation      93 39.032544 35.192172  35.192172     48.038951     8.438630
   history validation      94 43.030462 35.013354 -32.392110    -66.948147     4.598829
   history validation      95 44.446194 35.627918 -34.912635    -74.789327     0.254309
   history validation      96 83.198936 68.238002 -67.105251   -137.185644     4.721689
   history validation      97 17.745823 14.196970  13.194890      3.416984     5.357797
   history validation      98 39.559451 33.817946  33.817946     53.700985     5.327010
   history validation      99 21.639039 18.597276  18.487243     18.043104     4.323093
   history validation     100  9.683405  7.948439  -1.438523     -8.821390     3.447069