 Group   N       MAE      RMSE  Mean Residual
     1 192 16.987991 19.599508      15.144004
     2 287 25.906742 34.353989     -24.960404
     3 179 22.538207 24.048817      20.552406
     4 189 10.844882 12.486893       7.654094
     5 269 22.631676 29.458542     -22.609849
     6 188 11.198046 14.090001       8.907646
     7 259 26.266283 33.220167     -25.458992
     8 150 28.173258 29.697112      28.173258
     9 201 19.943816 22.299243      18.511414
    10 222  7.442432  8.939898      -5.512727
    11 240 15.561483 18.768235     -15.405394
    12 170 20.059423 22.311212      20.059423
    13 163 21.861614 23.679988      21.673949
    14 180 10.104263 12.526378       9.799551
    15 207 18.461553 22.307873      16.589947
    16 209 15.978118 20.427448     -13.938251
    17 276 32.400763 38.875160     -32.309513
    18 195 20.011976 21.736831      17.789882
    19 158 19.536746 20.973528      19.503181
    20 234 23.079404 29.173508     -22.748951
    21 195 12.511946 14.827772      11.763628
    22 202 15.050347 16.856298       0.425466
    23 168 24.020452 25.828242      24.020452
    24 147 33.956468 36.921977      29.085788
    25 230 19.057101 24.839275     -16.355309
    26 199  9.373137 11.915045      -2.623674
    27 156 28.843449 31.192599      27.171257
    28 165 35.302961 38.290691      31.068790
    29 163 19.012063 20.308309      13.300549
    30 194 23.256148 26.594036      22.395927
    31 234 13.573022 17.381060     -11.866967
    32 191  8.637095 10.269565      -1.771096
    33 200 18.238356 20.373707      17.944194
    34 195 13.202396 15.048124      11.048308
    35 181 14.043729 15.891491       7.312691
    36 158 21.695172 23.477906      21.415661
    37 170 10.157989 11.607910       4.740000
    38 194  8.476568  9.896529       1.168493
    39 128 40.788817 44.202400      39.154543
    40 188  6.183339  7.510803      -0.258346
    41 216  8.134044  9.755610      -3.744014
    42 196  6.843755  8.125708       3.464563
    43 207  9.591487 12.055383       2.247180
    44 192 15.813038 19.610208      14.752752
    45 158 39.611197 43.026648      37.862188
    46 256 16.972625 22.641019     -16.421598
    47 214 11.116039 12.604711       3.249923
    48 231 15.049248 17.628397      -2.901450
    49 215 12.628783 15.000712      -2.906279
    50 198  5.580272  7.028712      -0.726933
    51 213  9.691571 11.840771       5.754239
    52 213 17.235819 19.711697     -17.235819
    53 195  4.358518  5.473257       2.234505
    54 257 17.547072 25.278064     -16.582971
    55 193 10.259756 12.034313       6.337921
    56 275 46.752595 55.738976     -40.762083
    57 137 45.607952 49.625278      42.656510
    58 147 32.028651 35.148891      27.529576
    59 231  8.222163 11.136737      -3.264636
    60 172 16.346464 18.876682      14.590012
    61 185 28.930001 31.780566      23.302876
    62 180 11.716109 14.045520       9.415640
    63 174 13.007032 14.536997      11.403017
    64 283 44.696444 52.477202     -44.560222
    65 153 41.856706 46.216971      37.665913
    66 202 15.044332 17.524999       0.365548
    67 313 52.619460 64.565978     -42.170005
    68 199  6.599689  7.647661       0.539772
    69 362 78.995175 95.161335     -64.764879
    70 137 45.499134 49.000076      43.671514
    71 208 11.582282 13.610911      -4.024292
    72 213 12.355075 13.961234      -4.739952
    73 213 14.047936 18.886951     -12.593220
    74 166 33.379979 36.190110      30.586748
    75 229 19.431103 23.214532     -19.342734
    76 210 14.225715 18.434734     -13.889280
    77 154 26.702243 29.340259      25.157126
    78 231  9.493939 10.749088       1.376427
    79 199 15.570997 17.622283      10.472900
    80 185  6.868567  7.886407       1.192190
