Model: saved PolynomialRidge degree=3, alpha=100 predictions; validation engines only.
First 25 cycles: initial level. First/last 50: linear slope.
Initial z: compared with first-25 medians of the 80 train engines.
Sensor plots: trailing 15-cycle means, scaled with train-only mean/std.
Bend: retrospective continuous two-segment fit to feature 15; not a labeled degradation onset.
Full-life endpoints and bend locations are diagnostic only, not inference features.

 engine  lifetime      RMSE       MAE       bias  first25_target  first25_prediction  first25_bias  last30_bias
     92       341 86.882959 70.471944 -66.423062           328.0          196.049195   -131.950805    17.074945
     96       336 78.485116 62.415335 -58.165138           323.0          201.164474   -121.835526     9.642722
     90       154 54.496587 51.854875  51.681085           141.0          203.710592     62.710592    22.401960
    100       200  8.021319  6.314129  -0.966950           187.0          187.701515      0.701515    -0.177671

SENSOR COMPARISON
 feature  engine  first25_median  initial_z_vs_train_engines  last25_median  early_slope_per100_train_std  late_slope_per100_train_std  cycle_correlation
       6      92        642.2900                   -0.422276       643.5100                      0.288386                     3.273141           0.685171
       6      96        642.2200                   -0.715306       643.6200                      0.135226                     2.486241           0.710404
       6      90        642.2800                   -0.464138       643.3500                      0.039992                     4.809156           0.670907
       6     100        642.3700                   -0.087386       643.4200                     -0.609093                     2.487488           0.691823
       7      92       1586.5700                   -0.180067      1601.6900                      0.199636                     1.696818           0.689417
       7      96       1583.7800                   -1.252969      1599.2000                      1.247920                     0.317244           0.721151
       7      90       1585.7800                   -0.483863      1596.9400                     -0.527221                     4.504018           0.636949
       7     100       1588.1300                    0.419835      1599.3600                      0.250955                     2.703450           0.671603
       8      92       1403.4600                    0.134332      1426.1800                      0.073247                     3.056332           0.778287
       8      96       1399.9100                   -0.648400      1426.9300                      0.079100                     2.674427           0.815938
       8      90       1400.4200                   -0.535951      1419.9100                     -0.322667                     4.463936           0.807668
       8     100       1403.2000                    0.077005      1425.3200                      0.567706                     3.388414           0.809180
      11      92        554.1500                    0.457105       551.9000                     -0.704886                    -2.893905          -0.789132
      11      96        554.2400                    0.638736       551.5200                     -0.366504                    -3.261978          -0.813435
      11      90        554.2800                    0.719461       552.1800                     -0.105836                    -5.669266          -0.794074
      11     100        553.8500                   -0.148332       551.7200                     -0.866695                    -4.129647          -0.787327
      13      92       9054.5400                   -0.181004      9124.5700                     -0.055537                     3.585968           0.864028
      13      96       9053.7700                   -0.285687      9069.7700                      0.014928                     0.789101           0.746430
      13      90       9055.6900                   -0.024658      9041.7200                      0.016787                    -1.476759          -0.628194
      13     100       9061.7900                    0.804652      9065.9400                      0.055412                    -0.002182           0.459239
      15      92         47.3200                   -0.285365        48.0300                      0.001975                     2.346789           0.811231
      15      96         47.2800                   -0.552374        48.0700                      0.337410                     2.572687           0.851777
      15      90         47.2200                   -0.952886        47.9400                      0.610535                     5.296929           0.847189
      15     100         47.4000                    0.248652        48.0400                     -0.394154                     3.068656           0.840208
      16      92        522.0300                    0.340763       520.0700                      0.315801                    -2.474367          -0.820588
      16      96        522.0900                    0.485257       519.9900                     -0.743806                    -3.316914          -0.817641
      16      90        522.3000                    0.990983       520.3200                     -0.111294                    -4.959662          -0.836580
      16     100        521.8400                   -0.116799       520.0500                     -0.084105                    -3.727683          -0.824096
      18      92       8137.0100                   -0.016634      8192.2400                     -0.084044                     3.639455           0.846558
      18      96       8133.7200                   -0.462024      8142.8500                     -0.131112                     0.385037           0.614345
      18      90       8138.2200                    0.147171      8117.4700                     -0.052199                    -2.401584          -0.805166
      18     100       8143.5300                    0.866022      8140.4900                     -0.105930                    -0.430954          -0.057219
      21      92        392.0000                   -0.421554       396.0000                      0.499108                     2.511039           0.719948
      21      96        392.0000                   -0.421554       396.0000                      0.310005                     1.395022           0.704762
      21      90        392.0000                   -0.421554       395.0000                     -0.043401                     3.710758           0.729109
      21     100        392.0000                   -0.421554       396.0000                      0.868013                     2.945046           0.681588
      24      92         38.9500                    0.234437        38.4800                      0.065781                    -2.642105          -0.724819
      24      96         38.9600                    0.342848        38.4500                     -0.948251                    -2.880029          -0.764080
      24      90         39.0500                    1.318541        38.6100                     -1.271849                    -4.446566          -0.814741
      24     100         38.9300                    0.017617        38.4700                     -0.072147                    -4.254263          -0.742794
      25      92         23.3773                    0.343428        23.0719                     -0.036142                    -2.559506          -0.745673
      25      96         23.3796                    0.386945        23.0965                     -0.720477                    -2.786076          -0.744604
      25      90         23.4091                    0.945095        23.1561                     -0.178702                    -4.358572          -0.757548
      25     100         23.3421                   -0.322568        23.1173                      1.007583                    -2.928269          -0.714090

RETROSPECTIVE TREND BENDS
 engine  feature  retrospective_bend_cycle  slope_before  slope_after  SSE_reduction_vs_line_percent
     92       15                     231.0      0.000856     0.005141                      40.539904
     96       15                     228.0      0.001158     0.005759                      44.714074
     90       15                     112.0      0.002985     0.015600                      45.337326
    100       15                     134.0      0.001797     0.008747                      39.313732
