 Group   N      MAE     RMSE  Mean Residual
     1 192 3.072434 3.972960       0.596927
     2 287 2.964878 4.219675      -0.763342
     3 179 2.731050 4.406499       1.540620
     4 189 2.309890 2.958355       0.263176
     5 269 3.060921 4.108954      -1.227285
     6 188 2.885812 3.778404       0.471805
     7 259 3.308541 4.886658      -1.568721
     8 150 3.009485 3.988909       1.117590
     9 201 2.829183 3.414079       0.235244
    10 222 2.589154 3.237379       0.816910
    11 240 2.887974 3.924106      -0.753270
    12 170 3.222074 4.183313       1.548822
    13 163 3.224618 4.770709       1.092762
    14 180 2.618186 3.274485       0.012286
    15 207 2.661900 3.442057       0.498554
    16 209 2.454528 3.244582      -0.583224
    17 276 3.261911 4.357262      -0.966392
    18 195 2.559371 3.323485       1.164983
    19 158 3.344112 4.325262       0.872559
    20 234 2.582897 3.314030      -1.121273
    21 195 3.048775 3.855507       0.815305
    22 202 2.766729 3.308601      -0.360245
    23 168 3.010540 3.790689       0.571758
    24 147 3.278461 5.161922       2.081210
    25 230 3.298256 4.780933      -1.293087
    26 199 2.487873 3.207426      -0.302852
    27 156 2.863372 3.968568       1.952236
    28 165 3.051186 4.367354       1.612096
    29 163 2.191431 2.768032       0.838928
    30 194 3.013387 3.856669       0.374711
    31 234 2.560137 3.365553      -0.918554
    32 191 2.419333 3.036096       0.057056
    33 200 2.525736 3.190055       0.310099
    34 195 2.460413 3.229607      -0.421960
    35 181 2.726167 3.460792       0.032244
    36 158 2.301882 2.991263       1.026269
    37 170 2.542514 3.606508       0.038613
    38 194 2.885845 3.571668      -0.616739
    39 128 3.116249 4.764761       1.932573
    40 188 2.672016 3.317856      -0.085866
    41 216 2.726052 3.422442      -0.942393
    42 196 3.351688 4.118507      -0.302873
    43 207 2.798829 3.666651       0.857627
    44 192 2.617061 3.452869       0.504423
    45 158 2.717164 3.490567       1.441310
    46 256 2.400902 3.193508      -0.684114
    47 214 2.778640 3.656318      -0.465879
    48 231 2.893715 3.787665      -0.515297
    49 215 2.961919 3.980248      -0.526209
    50 198 3.204317 4.242193      -0.416875
    51 213 2.418318 3.243180       0.744138
    52 213 2.178934 2.886435      -0.683537
    53 195 2.180219 3.353736      -0.080250
    54 257 3.224741 4.289660      -1.449722
    55 193 2.573821 3.293345       0.030147
    56 275 3.503512 4.950089      -1.607414
    57 137 3.862523 5.504955       2.254841
    58 147 3.272942 4.403944       1.775116
    59 231 2.726056 3.437475      -0.599832
    60 172 2.822346 3.905615       1.005205
    61 185 2.229437 3.206895       0.709328
    62 180 2.558819 3.314043       0.639034
    63 174 2.263083 2.881424       0.481489
    64 283 3.647384 4.952782      -1.977273
    65 153 3.292180 4.716447       2.624761
    66 202 2.188343 2.809651       0.218765
    67 313 3.964099 5.630923      -0.813670
    68 199 2.854097 3.585534      -0.895884
    69 362 4.336174 6.196769      -1.921545
    70 137 3.372086 5.111654       2.210224
    71 208 2.652494 3.433525      -0.885665
    72 213 2.769046 3.581843      -0.344575
    73 213 3.251724 4.161356      -1.160755
    74 166 3.292456 4.343013       1.223011
    75 229 3.472223 4.352381      -0.952273
    76 210 2.842363 3.706105      -0.997389
    77 154 3.032935 4.084640       2.175507
    78 231 2.333157 2.980461       0.093753
    79 199 2.627126 3.577945       1.366705
    80 185 3.308330 4.018733       1.329271
